Year,monoSi,mcSi,otherSi
2002,22,68,10
2003,8,90,2
2004,8,92,1
2005,28,72,0
2006,27,73,0
2007,35,64,0
2008,45,54,0
2009,49,49,2
2010,52,47,1
2011,50,50,1
2012,49,51,0
2013,35,65,0
2014,33,66,0
2015,35,65,0
2016,40,60,0
2017,71,29,0
2018,89,11,0
