Country,Australia,Canada,Chile,China,Congo,India,Indonesia,Japan,Kazakhstan,SouthKorea,Mexico,Peru,Poland,Russia,USA,Zambia,Global
1998,2.3832284094283356,5.684662357353232,19.860425216606316,9.16483578141275,0.42506564972841404,1.1292046826493802,0.0,12.596637736895493,3.679011614258316,3.577531825484885,4.388864913392301,4.143885676231685,4.659574086002088,5.754672226258898,19.394150936241843,3.158248888056045,0.0
1999,3.4493692686960142,5.343367622971059,20.87473400406846,8.59445151303563,0.3274504178739929,2.206799464895244,1.1418746234849724,12.805248008836415,3.8659266833526806,4.207808259662959,3.755992728846601,4.088283517467788,4.7393720472608765,6.095614974983704,15.032478731978333,3.4712281325852876,0.0
2000,5.432815525794272,4.949079558561732,29.564117510283683,6.523903777532455,0.07529002112664547,0.8913237382597855,5.500952408221906,4.7610498144420585,3.5489504132583836,1.582673353343122,3.037033985080515,4.151539720947569,3.9428551598487953,4.966311968446659,11.585547898482506,2.3253071638467184,7.16124798252319
2001,5.62152682766145,4.9015404980287824,29.43480570863679,6.722984110307517,0.07204067620483004,1.0318157325154358,5.642569905827409,4.494739480739612,3.670787198744469,1.5056106921242849,2.9310484163892827,4.849370693436071,3.900654046560812,5.126197175421437,10.511449035676963,2.5305068318493125,7.052352969875544
2002,5.866549820551004,4.526054317074407,28.680217369166698,7.006453011835297,0.01904925124842455,1.2808380997723867,6.154534832792243,4.379651764968259,3.8538489539420198,1.494653223280151,2.8351569478439953,5.495851841804047,4.124399765258378,5.560280197948183,8.88897454806952,2.7794870729516576,7.053998981493328
2003,5.509206630995146,4.126459576086047,30.6494390164654,7.7503644790377395,0.015169853523414104,1.3316492263507693,5.447322126459002,4.517437060580109,3.792495269185702,1.580110559399852,2.613559444907052,5.454256559112544,4.209619820244354,5.5150442759334775,8.28729942753672,2.584191698348709,6.61637497583399
2004,5.351611535010104,4.080093875163563,30.98724955341875,7.991295067176709,0.03764541311071506,1.368013934913634,4.412680562965962,4.218008174094958,3.547802180265993,1.5010202365344378,2.860070858397824,6.057384223073314,4.204292864597743,5.229372756006338,8.045923050302866,3.033359622731215,7.074176092235877
2005,5.401512232072908,3.938166546519088,29.766476332053877,9.048764549418202,0.01797112174221802,1.6099065176128282,5.466451239333517,4.187259482588779,3.061630154325522,1.5638009584725567,2.9861111575241557,5.767244623828156,4.0572771787805655,5.213736621740925,7.610476049600007,2.9357941741298297,7.367421060256881
2006,4.930601646936252,4.104618075758915,29.569860347755583,10.101591993112338,0.017641382448535792,1.9707468524093594,4.129659788691251,4.441681830241615,3.3115461458702597,1.5828493375959314,2.4352708855224234,5.857381405443004,3.648428864867482,5.253352821677687,7.731650533326029,3.137613034223013,7.775505054120307
2007,4.955135656891612,3.8629170368576897,29.991474119777422,10.939016010998015,0.012976384866492842,2.2313594704603266,4.201208483610868,4.365948930455142,2.9661594601023706,1.5938602938213082,2.3294668637988267,6.064897730063659,3.357261087248204,5.127271216127407,7.559537964344663,2.7830822686985597,7.65842702187743
2008,5.147401175608551,3.835957429887176,28.732191856062393,11.958714225817262,0.0534257273360339,2.017823434533411,3.4912834347926003,4.1729292643066,2.9686145877919494,1.540024030574589,1.7704095871199876,6.538587813604595,3.205872224629657,5.073553196843381,8.189250720109186,2.8630439079492374,8.44091738303338
2009,4.794172061547003,2.951004594702932,28.944456500955674,12.501632887385256,0.21516472116591373,2.189523113854387,4.933604630616943,3.947087625617532,2.720302009560603,1.393978331603831,1.5807494415837886,6.317754314868383,3.1101656748987736,4.860450016134856,7.295539495343513,3.3962937972962473,8.848120782864372
2010,4.733414633469627,3.0169197995897137,28.7026328097814,13.322116189538576,1.732894808062372,2.0862862337693007,4.30911670589111,4.020257396924005,2.478608054138781,1.3589979244992345,1.5648825011030445,6.066544206616789,3.0763384321104157,4.667110102010649,6.864108628352536,4.349770480543774,7.650001093598696
2011,5.1542642918875154,3.0663741330995937,27.477807613554393,14.584652280594787,2.5500368431713447,1.9550587583043153,2.9699235209326798,3.309135946861213,2.5925593109018084,1.3594592948043898,2.6641930331080967,5.905929426973958,3.1168588810108178,4.673428855939844,6.592170289194721,4.174148230261232,7.853999289399267
2012,4.900564601448517,2.9749759120134067,26.418766625304563,16.495134683647024,2.8685814551213866,2.004385423236182,1.9384132463856691,3.7784567500915545,2.5768619202256713,1.4182387010471598,2.559808542209722,5.783691655318488,2.9763575628902506,5.172225940473426,6.445710765388044,4.138599814471823,7.549226400727142
2013,4.738019793684671,2.9585060223079895,25.657099770545287,17.159130515341083,4.231788126447018,1.827026251865235,2.359793302350349,3.4384597348559796,2.4225823370199757,1.356779417289628,2.440628640586066,5.753443567023886,2.765393583411253,4.6805908088616,6.38486073887999,4.159056067389873,7.666841322140121
2014,4.547784051512764,3.1156929039831494,24.658934020256414,19.284408458008468,4.515802644163573,1.9267045502018725,0.5919489621617298,3.253074619351913,0.6438094807411173,1.2477365310028248,2.6259630244162775,5.5547245922432475,1.227189122805611,4.216553236035642,6.565174189610036,3.694533780366791,12.329965833138575
2015,4.332980362491605,3.027534081064438,23.95893074261764,19.343605860804363,4.362839406931944,1.9408475125898585,0.4876907771845792,2.9533455327056566,0.8686189047248867,1.2567841412697163,2.8478585014845086,6.47897237144525,1.2127996581270184,4.046983072157926,6.494886431825258,3.760022805180083,12.625299837395264
2016,4.461631474071921,3.234232679841361,24.181017735886222,21.60470112737756,3.9546966704656414,1.9202863913072121,3.1942965231826763,2.9748792578351853,2.6687072751304637,1.2864123106326542,3.548425004102439,9.038636623324631,2.561965616205257,4.050070164161728,7.192090000939473,4.127951145535563,0.0
2017,3.605855679290403,0.6997616348441756,21.661362452375485,20.392735570386293,4.3377733354277845,1.938447075009963,2.5565132739766816,2.7089629061189315,0.9383144395042361,1.2026059776883609,3.191765355421545,8.529120565352345,1.0574093698712461,3.967668210283701,5.714602206447828,4.04224909047045,13.454852857530575
2018,3.692734509413091,0.6291448895068872,22.185592864519773,20.988722124384843,4.806537040710694,1.1593328825491582,2.5240866267951207,2.739999580092747,2.775871930219317,1.1772732519681837,3.1712431225746953,8.323958572411696,1.0128616460949948,4.120779096501971,5.56096871402473,4.151880978096808,10.979012170135285
2019,3.8448589083634293,2.406013433285759,21.57810245354275,22.500269951150123,5.182391634069626,0.8749370431396498,0.3945341457531994,2.6086769217557744,2.743957242109841,1.1516635705292393,3.0680674985689893,8.314439879677812,2.3383882068201434,4.320261503159566,5.5155572098005665,3.553870351959671,9.604010046313855
2020,3.621775404772456,2.4005338609012083,21.360151990543745,22.700727592923457,6.262697989348808,0.621655541320495,2.1510621751677927,2.7347291499689548,2.6551548402930623,1.098299335804767,3.0745776435081917,7.3339240001859265,2.1840454856726863,4.255587529782956,4.933552781020002,3.887684580140465,8.723840098645
2021,4.441672541894897,2.988231465914638,30.500569445197677,10.363902597754759,9.317208091545096,0.0,4.083735560496773,0.0,3.4437876240577046,0.0,3.9806930961548894,12.478984760561856,2.1205054504040355,4.875535549650198,6.838765659742936,4.566408156624546,0.0
2022,4.4719827586206895,2.855603448275862,28.01724137931034,10.23706896551724,11.85344827586207,0.0,4.956896551724138,0.0,3.1249999999999996,0.0,3.9870689655172415,11.85344827586207,2.1012931034482762,5.387931034482758,7.004310344827585,4.148706896551724,0.0
